3 0.10864855220228385 0.8564437194127243 0.2096917057504078 0.8564437194127243 0.2096917057504078 0.9151712887438824 0.10864855220228385 0.9151712887438824
3 0.47805362969004894 0.732463295269168 0.5008698256525286 0.732463295269168 0.5008698256525286 0.7634584013050572 0.47805362969004894 0.7634584013050572
2 0.04019996431484502 0.6574225122349104 0.5063022532626429 0.6574225122349104 0.5063022532626429 0.970636215334421 0.04019996431484502 0.970636215334421
2 0.41938341150081565 0.6068515497553018 0.5823562398042414 0.6068515497553018 0.5823562398042414 0.8091353996737357 0.41938341150081565 0.8091353996737357
2 0.5280319637030996 0.5448613376835236 0.6116913488988581 0.5448613376835236 0.6116913488988581 0.7145187601957586 0.5280319637030996 0.7145187601957586
2 0.8609298531810765 0.6557911908646002 1.0 0.6557911908646002 1.0 0.9885807504078303 0.8609298531810765 0.9885807504078303
2 0.7953074021207178 0.5481239804241436 0.9604532014681892 0.5481239804241436 0.9604532014681892 0.8874388254486134 0.7953074021207178 0.8874388254486134
2 0.7637993219820555 0.5725938009787929 0.8387668230016313 0.5725938009787929 0.8387668230016313 0.7814029363784666 0.7637993219820555 0.7814029363784666
2 0.7355506984094616 0.5725938009787929 0.7670587785481239 0.5725938009787929 0.7670587785481239 0.7243066884176185 0.7355506984094616 0.7243066884176185
2 0.638853486949429 0.5856443719412724 0.7225128721451877 0.5856443719412724 0.7225128721451877 0.6704730831973899 0.638853486949429 0.6704730831973899
