3 0.5154639175257731 0.4216608496136697 0.5463917525773195 0.4216608496136697 0.5463917525773195 0.45876700437967266 0.5154639175257731 0.45876700437967266
3 0.7713214620431116 0.4064810590275776 0.8003748828491096 0.4064810590275776 0.8003748828491096 0.43346735340285253 0.7713214620431116 0.43346735340285253
3 0.47422680412371127 0.4284074232074884 0.5014058106841612 0.4284074232074884 0.5014058106841612 0.47057350816885535 0.47422680412371127 0.47057350816885535
3 0.014058106841611996 0.49755980254413035 0.05060918462980318 0.49755980254413035 0.05060918462980318 0.5481591044977707 0.014058106841611996 0.5481591044977707
3 0.2849109653233365 0.41322763262139633 0.3083411433926898 0.41322763262139633 0.3083411433926898 0.4486471439889446 0.2849109653233365 0.4486471439889446
2 0.7450796626054358 0.3272088193002077 0.8631677600749765 0.3272088193002077 0.8631677600749765 0.45876700437967266 0.7450796626054358 0.45876700437967266
2 0.5032802249297095 0.3322687494955717 0.7478912839737583 0.3322687494955717 0.7478912839737583 0.5481591044977707 0.5032802249297095 0.5481591044977707
2 0.0037488284910965324 0.40479441562912294 0.37488284910965325 0.40479441562912294 0.37488284910965325 0.6341779178189593 0.0037488284910965324 0.6341779178189593
2 0.44704779756326146 0.30696909851875154 0.5342080599812559 0.30696909851875154 0.5342080599812559 0.47057350816885535 0.44704779756326146 0.47057350816885535
2 0.34957825679475163 0.3272088193002077 0.45173383317713217 0.3272088193002077 0.45173383317713217 0.4722601515673101 0.34957825679475163 0.4722601515673101
2 0.6551077788191191 0.29178930793265945 0.7572633552014996 0.29178930793265945 0.7572633552014996 0.3896146250430308 0.6551077788191191 0.3896146250430308
2 0.008434864104967198 0.3609416872693012 0.10309278350515465 0.3609416872693012 0.10309278350515465 0.46382693457503665 0.008434864104967198 0.46382693457503665
