3 0.11623164763458399 0.7112561174551386 0.23735725938009786 0.7112561174551386 0.23735725938009786 0.7569331158238173 0.11623164763458399 0.7569331158238173
2 0.0 0.48469277112752346 0.2911908646003262 0.48469277112752346 0.2911908646003262 0.8466557911908646 0.0 0.8466557911908646
2 0.0012234910277324632 0.34584013050570955 0.1272430668841762 0.34584013050570955 0.1272430668841762 0.49102773246329523 0.0012234910277324632 0.49102773246329523
4 0.38784665579119076 0.6199021207177814 0.5725938009787928 0.6199021207177814 0.5725938009787928 1.0 0.38784665579119076 1.0
4 0.5982871125611745 0.5252854812398042 0.7035073409461664 0.5252854812398042 0.7035073409461664 0.965742251223491 0.5982871125611745 0.965742251223491
4 0.7243066884176182 0.5008156606851549 0.8307504078303425 0.5008156606851549 0.8307504078303425 0.9657422512234911 0.7243066884176182 0.9657422512234911
4 0.8393148450244697 0.47797716150081565 0.9151712887438824 0.47797716150081565 0.9151712887438824 0.9738988580750408 0.8393148450244697 0.9738988580750408
4 0.6753670473083198 0.43393148450244706 0.7304241435562806 0.43393148450244706 0.7304241435562806 0.5938009787928222 0.6753670473083198 0.5938009787928222
4 0.3230016313213703 0.44045676998368677 0.39641109298531807 0.44045676998368677 0.39641109298531807 0.6623164763458401 0.3230016313213703 0.6623164763458401
4 0.41965742251223487 0.4567699836867864 0.5187601957585645 0.4567699836867864 0.5187601957585645 0.6492659053833605 0.41965742251223487 0.6492659053833605
4 0.9176182707993474 0.4355628058727569 0.9738988580750407 0.4355628058727569 0.9738988580750407 0.5628058727569331 0.9176182707993474 0.5628058727569331
4 0.8295269168026099 0.4420880913539967 0.8833605220228383 0.4420880913539967 0.8833605220228383 0.4893964110929853 0.8295269168026099 0.4893964110929853
4 0.7463295269168025 0.40456769983686786 0.7805872756933114 0.40456769983686786 0.7805872756933114 0.5106035889070147 0.7463295269168025 0.5106035889070147
4 0.533442088091354 0.3572593800978792 0.5970636215334421 0.3572593800978792 0.5970636215334421 0.5122349102773246 0.533442088091354 0.5122349102773246
4 0.1455954323001631 0.33278955954323003 0.5738172920065252 0.33278955954323003 0.5738172920065252 0.46818923327895606 0.1455954323001631 0.46818923327895606
