3 0.7274493948247079 0.6126878130217029 0.8605651345993323 0.6126878130217029 0.8605651345993323 0.7245409015025043 0.7274493948247079 0.7245409015025043
2 0.03093534797579299 0.1786310517529216 0.940247091506678 0.1786310517529216 0.940247091506678 0.931552587646077 0.03093534797579299 0.931552587646077
2 0.952433743739566 0.055091819699499174 0.9934379564899832 0.055091819699499174 0.9934379564899832 0.3741513667799197 0.952433743739566 0.3741513667799197
2 0.02906047840150251 0.1001669449081803 0.07686965254590986 0.1001669449081803 0.07686965254590986 0.21368948247078468 0.02906047840150251 0.21368948247078468
2 0.0843691308430718 0.07512520868113524 0.17061313126043406 0.07512520868113524 0.17061313126043406 0.20701168614357263 0.0843691308430718 0.20701168614357263
2 0.2043607835976628 0.08848080133555929 0.28779247965358934 0.08848080133555929 0.28779247965358934 0.17028380634390655 0.2043607835976628 0.17028380634390655
2 0.2952919579507513 0.10517529215358934 0.3684118713480802 0.10517529215358934 0.3684118713480802 0.15358931552587649 0.2952919579507513 0.15358931552587649
2 0.30185400146076796 0.07846410684474125 0.367474436560935 0.07846410684474125 0.367474436560935 0.18530884808013356 0.30185400146076796 0.18530884808013356
2 0.8296297866235394 0.0634390651085142 0.9102491783180301 0.0634390651085142 0.9102491783180301 0.15358931552587649 0.8296297866235394 0.15358931552587649
5 0.3646621321994992 0.026711185308848084 0.5127768285684474 0.026711185308848084 0.5127768285684474 0.16360601001669456 0.3646621321994992 0.16360601001669456
2 0.5099645242070118 0.08514190317195328 0.6243315682387313 0.08514190317195328 0.6243315682387313 0.17028380634390655 0.5099645242070118 0.17028380634390655
2 0.6337059161101837 0.0634390651085142 0.801506743009182 0.0634390651085142 0.801506743009182 0.16360601001669456 0.6337059161101837 0.16360601001669456
