4 0.021761572185970635 0.33931484502446985 0.07290126682300163 0.33931484502446985 0.07290126682300163 0.6035889070146819 0.021761572185970635 0.6035889070146819
4 0.1305694331158238 0.32463295269168024 0.20347069993882547 0.32463295269168024 0.20347069993882547 0.45676998368678634 0.1305694331158238 0.45676998368678634
4 0.41891026457993474 0.3931484502446982 0.4515526228588907 0.3931484502446982 0.4515526228588907 0.4796084828711256 0.41891026457993474 0.4796084828711256
4 0.49507576723083196 0.3931484502446982 0.5342465971655791 0.3931484502446982 0.5342465971655791 0.48613376835236544 0.49507576723083196 0.48613376835236544
4 0.4602572517332789 0.3735725938009788 0.497251924449429 0.3735725938009788 0.497251924449429 0.4812398042414356 0.4602572517332789 0.4812398042414356
5 0.8606701799551386 0.31158238172920066 1.0 0.31158238172920066 1.0 0.6476345840130505 0.8606701799551386 0.6476345840130505
2 0.0957509176182708 0.38825448613376834 0.7583907906810765 0.38825448613376834 0.7583907906810765 0.6525285481239805 0.0957509176182708 0.6525285481239805
2 0.5385989116027732 0.3425774877650898 0.6484948511419251 0.3425774877650898 0.6484948511419251 0.49918433931484507 0.5385989116027732 0.49918433931484507
2 0.6571994800163131 0.36867862969004894 0.7779762056484503 0.36867862969004894 0.7779762056484503 0.4845024469820554 0.6571994800163131 0.4845024469820554
2 0.20673493576672106 0.37357259380097874 0.3405686047104405 0.37357259380097874 0.3405686047104405 0.44045676998368677 0.20673493576672106 0.44045676998368677
