3 0.3095432300163132 0.49265905383360514 0.3548123980424143 0.49265905383360514 0.3548123980424143 0.5415986949429038 0.3095432300163132 0.5415986949429038
3 0.7891517128874388 0.49755301794453494 0.8319738988580752 0.49755301794453494 0.8319738988580752 0.5415986949429038 0.7891517128874388 0.5415986949429038
2 0.29853181076672103 0.4159869494290376 0.4367862969004893 0.4159869494290376 0.4367862969004893 0.6476345840130505 0.29853181076672103 0.6476345840130505
2 0.5725938009787928 0.430668841761827 0.6435562805872757 0.430668841761827 0.6435562805872757 0.5546492659053833 0.5725938009787928 0.5546492659053833
2 0.7353181076672104 0.46329526916802594 0.8723491027732462 0.46329526916802594 0.8723491027732462 0.6019575856443719 0.7353181076672104 0.6019575856443719
2 0.035481239804241435 0.42414355628058714 0.20554649265905384 0.42414355628058714 0.20554649265905384 0.5334420880913538 0.035481239804241435 0.5334420880913538
2 0.8919249592169656 0.401305057096248 0.9971451876019575 0.401305057096248 0.9971451876019575 0.6133768352365415 0.8919249592169656 0.6133768352365415
5 0.6643556280587275 0.3164763458401305 0.7952691680261011 0.3164763458401305 0.7952691680261011 0.4714518760195758 0.6643556280587275 0.4714518760195758
5 0.5322185970636215 0.3230016313213703 0.6557911908646002 0.3230016313213703 0.6557911908646002 0.47471451876019577 0.5322185970636215 0.47471451876019577
5 0.4282218597063621 0.33278955954323003 0.5432300163132137 0.33278955954323003 0.5432300163132137 0.5008156606851549 0.4282218597063621 0.5008156606851549
